{
 "cells": [
  {
   "cell_type": "code",
   "execution_count": 1,
   "metadata": {},
   "outputs": [],
   "source": [
    "import os\n",
    "import sys\n",
    "import numpy as np\n",
    "from PIL import Image\n",
    "from tqdm import tqdm"
   ]
  },
  {
   "cell_type": "markdown",
   "metadata": {},
   "source": [
    "### Functions for BundleFusion [dataset](http://graphics.stanford.edu/projects/bundlefusion/)"
   ]
  },
  {
   "cell_type": "code",
   "execution_count": 2,
   "metadata": {},
   "outputs": [],
   "source": [
    "# rewritting sensorData.h\n",
    "\n",
    "def make_matrix(data):\n",
    "    return np.array([np.array(d, dtype=np.float32) for d in data[1:]]).reshape((4, 4))\n",
    "\n",
    "def read_info(filename):\n",
    "    header_data = {}\n",
    "    with open(filename) as file:\n",
    "        for line in file:\n",
    "            print(line)\n",
    "            tmp = line.strip().split('=')\n",
    "            if 'Intrinsic' in tmp[0] or 'Extrinsic' in tmp[0]:\n",
    "                header_data[tmp[0].rstrip()] = make_matrix(tmp[-1].rstrip().split(' '))\n",
    "            else:\n",
    "                print(tmp[-1])\n",
    "                header_data[tmp[0].rstrip()] = tmp[-1].strip()\n",
    "                    \n",
    "    return header_data\n",
    "  \n",
    "def read_image(filename):\n",
    "    im = Image.open(filename)\n",
    "    return np.asarray(im)\n",
    "    \n",
    "def read_frames_bundlefusion(folder, num_frames):\n",
    "    frames = {'m_colorCompressed': [], 'm_depthCompressed': [], 'm_cameraToWorld': [],\n",
    "              'm_timeStampColor': [], 'm_timeStampDepth': [], \n",
    "              'm_colorSizeBytes': [], 'm_depthSizeBytes': []}\n",
    "    frames['num_frames'] = num_frames\n",
    "    for i in range(int(num_frames)):\n",
    "        frames['m_colorCompressed'].append(read_image(folder + f'/frame-{i:06}.color.jpg'))\n",
    "        frames['m_timeStampColor'].append(i)\n",
    "        frames['m_depthCompressed'].append(read_image(folder + f'/frame-{i:06}.depth.png'))\n",
    "        frames['m_timeStampDepth'].append(i)\n",
    "        \n",
    "        frames['m_cameraToWorld'].append(np.loadtxt(folder + f'/frame-{i:06}.pose.txt'))\n",
    "        h, w, c = frames['m_colorCompressed'][-1].shape\n",
    "        frames['m_colorSizeBytes'].append(h*w*c) # uint8 * h * w * c \n",
    "        h, w = frames['m_depthCompressed'][-1].shape\n",
    "        frames['m_depthSizeBytes'].append(2*h*w) # uint16 * h * w\n",
    "    \n",
    "    return frames\n",
    "\n",
    "def writeHeaderToFile(out, data):\n",
    "    # out.write(m_versionNumber, sizeof(unsigned int));\n",
    "    # #define M_SENSOR_DATA_VERSION 4 (line 800)\n",
    "    np.array(data['m_versionNumber'], dtype=np.uint32).tofile(out)\n",
    "    print('m_versionNumber', data['m_versionNumber'])\n",
    "    print('len(data sensor name)', len(data['m_sensorName'])) \n",
    "    np.array([len(data['m_sensorName'])], dtype=np.uint64).tofile(out)\n",
    "    print('sensor name', data['m_sensorName'].strip())\n",
    "    out.write(data['m_sensorName'].encode())\n",
    "    # out.write((const char*)&m_extrinsic, sizeof(mat4f));\n",
    "    print(data['m_calibrationColorIntrinsic'])\n",
    "    data['m_calibrationColorIntrinsic'].tofile(out)\n",
    "    print(data['m_calibrationColorExtrinsic'])\n",
    "    data['m_calibrationColorExtrinsic'].tofile(out)\n",
    "    print(data['m_calibrationDepthIntrinsic'])\n",
    "    data['m_calibrationDepthIntrinsic'].tofile(out)\n",
    "    print(data['m_calibrationDepthExtrinsic'])\n",
    "    data['m_calibrationDepthExtrinsic'].tofile(out)\n",
    "    \n",
    "#     out.write((const char*)&m_colorCompressionType, sizeof(COMPRESSION_TYPE_COLOR));\n",
    "#     out.write((const char*)&m_depthCompressionType, sizeof(COMPRESSION_TYPE_DEPTH));\n",
    "#     m_colorCompressionType, m_depthCompressionType = TYPE_COLOR_UNKNOWN; TYPE_COLOR_UNKNOWN = -1;\n",
    "    \n",
    "    # compression type is temporarily set as UNKNOWN \n",
    "    np.array([0], dtype=np.int32).tofile(out)\n",
    "    np.array([0], dtype=np.int32).tofile(out)\n",
    "    \n",
    "    np.array(data['m_colorWidth'], dtype=np.uint32).tofile(out)\n",
    "    np.array(data['m_colorHeight'], dtype=np.uint32).tofile(out)\n",
    "    np.array(data['m_depthWidth'], dtype=np.uint32).tofile(out)\n",
    "    np.array(data['m_depthHeight'], dtype=np.uint32).tofile(out)\n",
    "    np.array(data['m_depthShift'], dtype=np.float32).tofile(out)\n",
    "    print('depth shift', data['m_depthShift'])\n",
    "\n",
    "def writeRGBFramesToFile_bundlefusion(out, rgbdframes):\n",
    "\n",
    "    for i in tqdm(range(int(rgbdframes['num_frames']))):\n",
    "        print(np.array(rgbdframes['m_cameraToWorld'][i], dtype=np.float32))\n",
    "        np.array(rgbdframes['m_cameraToWorld'][i], dtype=np.float32).tofile(out)\n",
    "        np.array(rgbdframes['m_timeStampColor'][i], dtype=np.uint64).tofile(out)\n",
    "        np.array(rgbdframes['m_timeStampDepth'][i], dtype=np.uint64).tofile(out)\n",
    "        np.array(rgbdframes['m_colorSizeBytes'][i], dtype=np.uint64).tofile(out)\n",
    "        np.array(rgbdframes['m_depthSizeBytes'][i], dtype=np.uint64).tofile(out)\n",
    "        \n",
    "        rgbdframes['m_colorCompressed'][i].tofile(out)\n",
    "        np.array(rgbdframes['m_depthCompressed'][i], dtype=np.uint16).tofile(out)\n",
    "        #np.array(rgbdframes['m_colorCompressed'][i], dtype=np.ubyte).tofile(out)\n",
    "        # if i > 100:\n",
    "        #     break\n",
    "\n",
    "def writeIMUFramesToFile(out, data):\n",
    "    '''\n",
    "        write the following data to the .sens file: (the order matters)\n",
    "            - number of frames\n",
    "            - rotationRate\n",
    "            - acceleration\n",
    "            - magneticField\n",
    "            - attitude\n",
    "            - gravity\n",
    "            - timeStamp \n",
    "        default data:\n",
    "            num_frames = number of rgbd images in the folder\n",
    "            IMUFrame() {\n",
    "                    rotationRate = vec3d(0.0);\n",
    "                    acceleration = vec3d(0.0);\n",
    "                    magneticField = vec3d(0.0);\n",
    "                    attitude = vec3d(0.0);\n",
    "                    gravity = vec3d(0.0);\n",
    "                    timeStamp = 0;\n",
    "                }\n",
    "            \n",
    "    '''\n",
    "    for key in data.keys():\n",
    "        print(f'writting {key} to file, value = {data[key]}')\n",
    "        if 'timeStamp' in key:\n",
    "            np.array(data[key], dtype=np.int64).tofile(out)\n",
    "        else:\n",
    "            np.array(data[key], dtype=float).tofile(out)\n",
    "        \n",
    "def saveToFile(data_dir, filename_out, read_frames, write_frames, dir_out='./', mode=8):\n",
    "    #std::ofstream out(filename, std::ios::binary);\n",
    "    if mode == 8: # SensorDataReader \n",
    "        out = open(f'{dir_out}/{filename_out}.sens', 'wb')\n",
    "\n",
    "        header_filename = data_dir + '/info.txt'\n",
    "        print('reading header...')\n",
    "        data_header = read_info(header_filename)\n",
    "        print('done!')\n",
    "        print('reading imu file...')\n",
    "        imu_filename = data_dir + '/imu.txt'\n",
    "        imu_data = read_info(imu_filename)\n",
    "        print('done!')\n",
    "        #data_header['m_frames.size'] = 100\n",
    "        imu_data['num_frames'] = data_header['m_frames.size']\n",
    "        print('reading frames...')\n",
    "        print('number of frames =', data_header['m_frames.size'])\n",
    "        rgbdframes = read_frames(data_dir, num_frames=data_header['m_frames.size'])#read rgbframes from data dir\n",
    "        print('done!')\n",
    "\n",
    "        print('writting header...')\n",
    "        writeHeaderToFile(out, data_header)\n",
    "        print('done!')\n",
    "        print('writting rgbd frames...')\n",
    "        np.array(int(data_header['m_frames.size']), np.int64).tofile(out)\n",
    "\n",
    "        write_frames(out, rgbdframes)\n",
    "        print('done!')\n",
    "        print('writting imu frames...')\n",
    "        writeIMUFramesToFile(out, imu_data)\n",
    "        print('done!')\n",
    "    elif mode == 7: # BinaryDumpReader\n",
    "        "
   ]
  },
  {
   "cell_type": "code",
   "execution_count": 32,
   "metadata": {
    "scrolled": true
   },
   "outputs": [
    {
     "name": "stdout",
     "output_type": "stream",
     "text": [
      "reading header...\n",
      "m_versionNumber = 4\n",
      "\n",
      " 4\n",
      "m_sensorName = StructureSensor\n",
      "\n",
      " StructureSensor\n",
      "m_colorWidth = 640\n",
      "\n",
      " 640\n",
      "m_colorHeight = 480\n",
      "\n",
      " 480\n",
      "m_depthWidth = 640\n",
      "\n",
      " 640\n",
      "m_depthHeight = 480\n",
      "\n",
      " 480\n",
      "m_depthShift = 1000\n",
      "\n",
      " 1000\n",
      "m_calibrationColorIntrinsic = 582.871 0 320 0 0 582.871 240 0 0 0 1 0 0 0 0 1 \n",
      "\n",
      "m_calibrationColorExtrinsic = 1 0 0 0 0 1 0 0 0 0 1 0 0 0 0 1 \n",
      "\n",
      "m_calibrationDepthIntrinsic = 583 0 320 0 0 583 240 0 0 0 1 0 0 0 0 1 \n",
      "\n",
      "m_calibrationDepthExtrinsic = 1 0 0 0 0 1 0 0 0 0 1 0 0 0 0 1 \n",
      "\n",
      "m_frames.size = 8560\n",
      "\n",
      " 8560\n",
      "done!\n",
      "reading imu file...\n",
      "rotationRate = 0.0\n",
      "\n",
      " 0.0\n",
      "acceleration = 0.0\n",
      "\n",
      " 0.0\n",
      "magneticField = 0.0\n",
      "\n",
      " 0.0\n",
      "attitude = 0.0\n",
      "\n",
      " 0.0\n",
      "gravity = 0.0\n",
      "\n",
      " 0.0\n",
      "timeStamp = 0\n",
      " 0\n",
      "done!\n",
      "reading frames...\n",
      "number of frames = 8560\n",
      "done!\n",
      "writting header...\n",
      "m_versionNumber 4\n",
      "len(data sensor name) 15\n",
      "sensor name StructureSensor\n",
      "[[582.871   0.    320.      0.   ]\n",
      " [  0.    582.871 240.      0.   ]\n",
      " [  0.      0.      1.      0.   ]\n",
      " [  0.      0.      0.      1.   ]]\n",
      "[[1. 0. 0. 0.]\n",
      " [0. 1. 0. 0.]\n",
      " [0. 0. 1. 0.]\n",
      " [0. 0. 0. 1.]]\n",
      "[[583.   0. 320.   0.]\n",
      " [  0. 583. 240.   0.]\n",
      " [  0.   0.   1.   0.]\n",
      " [  0.   0.   0.   1.]]\n",
      "[[1. 0. 0. 0.]\n",
      " [0. 1. 0. 0.]\n",
      " [0. 0. 1. 0.]\n",
      " [0. 0. 0. 1.]]\n",
      "depth shift 1000\n",
      "done!\n",
      "writting rgbd frames...\n"
     ]
    },
    {
     "name": "stderr",
     "output_type": "stream",
     "text": [
      "100%|█████████████████████████████████████████████████████████████████████████████| 8560/8560 [00:38<00:00, 222.35it/s]\n"
     ]
    },
    {
     "name": "stdout",
     "output_type": "stream",
     "text": [
      "done!\n",
      "writting imu frames...\n",
      "writting rotationRate to file, value = 0.0\n",
      "writting acceleration to file, value = 0.0\n",
      "writting magneticField to file, value = 0.0\n",
      "writting attitude to file, value = 0.0\n",
      "writting gravity to file, value = 0.0\n",
      "writting timeStamp to file, value = 0\n",
      "writting num_frames to file, value = 8560\n",
      "done!\n"
     ]
    }
   ],
   "source": [
    "saveToFile('./apt0', filename_out='apt0_new', \n",
    "           read_frames=read_frames_bundlefusion,\n",
    "           write_frames=write_frames_bundlefusion,\n",
    "           dir_out='C:/Users/admin/Downloads/BundleFusion-master/BundleFusion-master/FriedLiver/x64/data/')"
   ]
  },
  {
   "cell_type": "code",
   "execution_count": null,
   "metadata": {},
   "outputs": [],
   "source": []
  },
  {
   "cell_type": "markdown",
   "metadata": {},
   "source": [
    "### Custom dataset"
   ]
  },
  {
   "cell_type": "code",
   "execution_count": 3,
   "metadata": {},
   "outputs": [],
   "source": [
    "import matplotlib.pyplot as plt"
   ]
  },
  {
   "cell_type": "code",
   "execution_count": 4,
   "metadata": {},
   "outputs": [],
   "source": [
    "import collections \n",
    "BaseImage = collections.namedtuple(\n",
    "    \"Image\", [\"id\", \"qvec\", \"tvec\", \"camera_id\", \"name\", \"xys\", \"point3D_ids\"])\n",
    "\n",
    "class Image_colmap(BaseImage):\n",
    "    def qvec2rotmat(self):\n",
    "        return qvec2rotmat(self.qvec)\n",
    "    \n",
    "def qvec2rotmat(qvec):\n",
    "    return np.array([\n",
    "        [1 - 2 * qvec[2]**2 - 2 * qvec[3]**2,\n",
    "         2 * qvec[1] * qvec[2] - 2 * qvec[0] * qvec[3],\n",
    "         2 * qvec[3] * qvec[1] + 2 * qvec[0] * qvec[2]],\n",
    "        [2 * qvec[1] * qvec[2] + 2 * qvec[0] * qvec[3],\n",
    "         1 - 2 * qvec[1]**2 - 2 * qvec[3]**2,\n",
    "         2 * qvec[2] * qvec[3] - 2 * qvec[0] * qvec[1]],\n",
    "        [2 * qvec[3] * qvec[1] - 2 * qvec[0] * qvec[2],\n",
    "         2 * qvec[2] * qvec[3] + 2 * qvec[0] * qvec[1],\n",
    "         1 - 2 * qvec[1]**2 - 2 * qvec[2]**2]])"
   ]
  },
  {
   "cell_type": "code",
   "execution_count": 79,
   "metadata": {},
   "outputs": [],
   "source": [
    "from scipy.spatial.transform import Rotation as rot\n",
    "import scipy\n",
    "\n",
    "def read_images_text(path):\n",
    "    \"\"\"\n",
    "    see: src/base/reconstruction.cc\n",
    "        void Reconstruction::ReadImagesText(const std::string& path)\n",
    "        void Reconstruction::WriteImagesText(const std::string& path)\n",
    "    \"\"\"\n",
    "    images = {}\n",
    "    with open(path, \"r\") as fid:\n",
    "        while True:\n",
    "            line = fid.readline()\n",
    "            if not line:\n",
    "                break\n",
    "            line = line.strip()\n",
    "            if len(line) > 0 and line[0] != \"#\":\n",
    "                elems = line.split()\n",
    "                image_id = int(elems[0])\n",
    "                qvec = np.array(tuple(map(float, elems[1:5])))\n",
    "                tvec = np.array(tuple(map(float, elems[5:8])))\n",
    "                camera_id = int(elems[8])\n",
    "                image_name = elems[9]\n",
    "                elems = fid.readline().split()\n",
    "                xys = np.column_stack([tuple(map(float, elems[0::3])),\n",
    "                                       tuple(map(float, elems[1::3]))])\n",
    "                point3D_ids = np.array(tuple(map(int, elems[2::3])))\n",
    "                images[image_id] = Image_colmap(\n",
    "                    id=image_id, qvec=qvec, tvec=tvec,\n",
    "                    camera_id=camera_id, name=image_name,\n",
    "                    xys=xys, point3D_ids=point3D_ids)\n",
    "    return images\n",
    "\n",
    "def from_colmap(images_txt):\n",
    "    colmap_images = read_images_text(images_txt)\n",
    "    world_to_cam = np.zeros((len(colmap_images), 4, 4))\n",
    "    world_to_cam[:, 3, 3] = 1\n",
    "    index = dict()\n",
    "    images = dict()\n",
    "    for pos_i, (i, img) in enumerate(colmap_images.items()):\n",
    "        index[i] = pos_i\n",
    "        images[img.name] = pos_i\n",
    "        world_to_cam[pos_i, :3, 3] = img.tvec\n",
    "        wxyz = img.qvec\n",
    "        xyzw = np.roll(wxyz, -1)\n",
    "        rot = scipy.spatial.transform.Rotation.from_quat(xyzw).as_matrix()\n",
    "        world_to_cam[pos_i, :3, :3] = rot\n",
    "    return world_to_cam, index, images\n",
    "\n",
    "def unpack_float32(ar):\n",
    "    r\"\"\"Unpacks an array of uint8 quadruplets back to the array of float32 values.\n",
    "    Parameters\n",
    "    ----------\n",
    "    ar : np.naddary\n",
    "        of shape [**, 4].\n",
    "    Returns\n",
    "    -------\n",
    "    ar : np.naddary\n",
    "        of shape [**]\n",
    "    \"\"\"\n",
    "    shape = ar.shape[:-1]\n",
    "    return ar.ravel().view(np.float32).reshape(shape)\n",
    "\n",
    "def load_depthmap(file):\n",
    "    r\"\"\"Loads a float32 depthmap packed into RGBA png.\n",
    "    Parameters\n",
    "    ----------\n",
    "    file : str\n",
    "    Returns\n",
    "    -------\n",
    "    depthmap : np.ndarray\n",
    "        of shape [height, width], np.float32\n",
    "    \"\"\"\n",
    "    depthmap = Image.open(file)\n",
    "    depthmap = np.asarray(depthmap)\n",
    "    depthmap = unpack_float32(depthmap)\n",
    "    return depthmap\n",
    "\n",
    "def make_matrix(data):\n",
    "    return np.array([np.array(d, dtype=np.float32) for d in data[1:]]).reshape((4, 4))\n",
    "\n",
    "def read_info(filename):\n",
    "    header_data = {}\n",
    "    with open(filename) as file:\n",
    "        for line in file:\n",
    "            print(line)\n",
    "            tmp = line.strip().split('=')\n",
    "            if 'Intrinsic' in tmp[0]:\n",
    "                tmp_arr = np.array(tmp[-1].rstrip().split(' ')[1:], dtype=np.float32)\n",
    "                intr_mat = np.eye(4, dtype=np.float32)\n",
    "                intr_mat[0, 0] = tmp_arr[2]\n",
    "                intr_mat[1, 1] = tmp_arr[3]\n",
    "                intr_mat[0, 2] = tmp_arr[4]\n",
    "                intr_mat[1, 2] = tmp_arr[5]\n",
    "                print(intr_mat)\n",
    "                header_data[tmp[0].rstrip()] = intr_mat\n",
    "            elif 'Extrinsic' in tmp[0]:\n",
    "                header_data[tmp[0].rstrip()] = make_matrix(tmp[-1].rstrip().split(' '))\n",
    "            else:\n",
    "                print(tmp[-1])\n",
    "                header_data[tmp[0].rstrip()] = tmp[-1].strip()\n",
    "                    \n",
    "    return header_data\n",
    "\n",
    "def read_frames_sk3d(folder, obj='amber_vase', light='ambient@best', num_frames=100, mode=8):\n",
    "    frames = {'m_colorCompressed': [], 'm_depthCompressed': [], 'm_cameraToWorld': [],\n",
    "              'm_timeStampColor': [], 'm_timeStampDepth': [], \n",
    "              'm_colorSizeBytes': [], 'm_depthSizeBytes': []}\n",
    "    frames['num_frames'] = num_frames\n",
    "    folder_frames = folder + '/processed_scans/images/'\n",
    "    for i in range(int(num_frames)):\n",
    "        frames['m_colorCompressed'].append(read_image(folder_frames + f'undist/{obj}/tis_right/rgb/{light}/{i:04d}.png'))\n",
    "        frames['m_timeStampColor'].append(i)\n",
    "        d = load_depthmap(folder_frames + f'depthmaps/{obj}/stl@tis_right.undist/{i:04d}.png')\n",
    "#         d[np.isnan(d)] = 0\n",
    "        if mode == 8:\n",
    "            d = (d*65535).astype(np.uint16)\n",
    "        \n",
    "        frames['m_depthCompressed'].append(d)\n",
    "        \n",
    "        frames['m_timeStampDepth'].append(i)\n",
    "        h, w, c = frames['m_colorCompressed'][-1].shape\n",
    "        frames['m_colorSizeBytes'].append(h*w*c) # uint8 * h * w * c \n",
    "        h, w = frames['m_depthCompressed'][-1].shape\n",
    "        frames['m_depthSizeBytes'].append(2*h*w) # uint16 * h * w\n",
    "      \n",
    "    world_to_cam, index, images = from_colmap(folder + '/calibration/undist_extrinsics/_calibration/tis_right.images.txt')\n",
    "    frames['m_cameraToWorld'] = [np.linalg.inv(mat) for mat in world_to_cam]\n",
    "    print('m_cameraToWorld', frames['m_cameraToWorld'])\n",
    "\n",
    "            \n",
    "    return frames\n",
    "\n",
    "def writeRGBFramesToFile_sk3d(out, rgbdframes):\n",
    "\n",
    "    for i in tqdm(range(int(rgbdframes['num_frames']))):\n",
    "        np.array(rgbdframes['m_cameraToWorld'][i], dtype=np.float32).tofile(out)\n",
    "        np.array(rgbdframes['m_timeStampColor'][i], dtype=np.uint64).tofile(out)\n",
    "        np.array(rgbdframes['m_timeStampDepth'][i], dtype=np.uint64).tofile(out)\n",
    "        np.array(rgbdframes['m_colorSizeBytes'][i], dtype=np.uint64).tofile(out)\n",
    "        np.array(rgbdframes['m_depthSizeBytes'][i], dtype=np.uint64).tofile(out)\n",
    "        \n",
    "        rgbdframes['m_colorCompressed'][i].tofile(out)\n",
    "        rgbdframes['m_depthCompressed'][i].tofile(out)\n",
    "        #np.array(rgbdframes['m_colorCompressed'][i], dtype=np.ubyte).tofile(out)\n",
    "        # if i > 100:\n",
    "        #     break\n",
    "\n",
    "def read_info():\n",
    "    info = {}\n",
    "    \n",
    "    return info\n",
    "        \n",
    "def writeBinaryDumpFile(out, rgbdframes, info):\n",
    "    out.write(info['m_sensorName'].encode())\n",
    "    np.array(int(info['m_DepthNumFrames']), np.uintc).tofile(out)\n",
    "    np.array(info['m_DepthImageWidth'], dtype=np.uintc).tofile(out)\n",
    "    np.array(info['m_DepthImageHeight'], dtype=np.uintc).tofile(out)\n",
    "    \n",
    "    np.array(int(info['m_ColorNumFrames']), np.uintc).tofile(out)\n",
    "    np.array(info['m_ColorImageWidth'], dtype=np.uintc).tofile(out)\n",
    "    np.array(info['m_ColorImageHeight'], dtype=np.uintc).tofile(out)\n",
    "    \n",
    "    info['m_calibrationColorIntrinsic'].tofile(out)\n",
    "    info['m_calibrationColorIntrinsicInverse'].tofile(out)\n",
    "    info['m_calibrationColorExtrinsic'].tofile(out)\n",
    "    info['m_calibrationColorExtrinsicInverse'].tofile(out)\n",
    "    \n",
    "    info['m_calibrationDepthIntrinsic'].tofile(out)\n",
    "    info['m_calibrationDepthIntrinsicInverse'].tofile(out)\n",
    "    info['m_calibrationDepthExtrinsic'].tofile(out)\n",
    "    info['m_calibrationDepthExtrinsicInverse'].tofile(out)\n",
    "    \n",
    "    for i in range(int(info['m_DepthNumFrames'])):\n",
    "        rgbdframes['m_depthCompressed'][i][i].resize(info['m_DepthImageWidth']*info['m_DepthImageHeight']).tofile(out)\n",
    "    for i in range(int(info['m_DepthNumFrames'])):\n",
    "        ones = np.ones((info['m_DepthImageWidth']*info['m_DepthImageHeight'], 1))\n",
    "        rgbw_image = np.cat((rgbdframes['m_colorCompressed'][i].resize(info['m_DepthImageWidth']*info['m_DepthImageHeight'], 3), ones), axis=1)\n",
    "        np.array(rgbw_image, dtype=np.uintc).tofile(out)\n",
    "    \n",
    "    np.arange(0, int(info['m_DepthNumFrames']), dtype=np.uint64).tofile(out) # timestamps  \n",
    "    np.arange(0, int(info['m_DepthNumFrames']), dtype=np.uint64).tofile(out) # timestamps \n",
    "    np.array(rgbdframes['m_cameraToWorld'], dtype=np.float32).tofile(out)\n",
    "    \n",
    "# BINARY DUMP READER        \n",
    "# s >> sensorData.m_SensorName;\n",
    "# s >> sensorData.m_DepthNumFrames;\n",
    "# s >> sensorData.m_DepthImageWidth;\n",
    "# s >> sensorData.m_DepthImageHeight;\n",
    "# s >> sensorData.m_ColorNumFrames;\n",
    "# s >> sensorData.m_ColorImageWidth;\n",
    "# s >> sensorData.m_ColorImageHeight;\n",
    "# s >> sensorData.m_CalibrationDepth;\n",
    "# s >> sensorData.m_CalibrationColor;\n",
    "\n",
    "# sensorData.m_DepthImages.resize(sensorData.m_DepthNumFrames);\n",
    "# sensorData.m_ColorImages.resize(sensorData.m_ColorNumFrames);\n",
    "\n",
    "# for (size_t i = 0; i < sensorData.m_DepthImages.size(); i++) {\n",
    "#     sensorData.m_DepthImages[i] = new float[sensorData.m_DepthImageWidth*sensorData.m_DepthImageHeight];\n",
    "#     s.readData((BYTE*)sensorData.m_DepthImages[i], sizeof(float)*sensorData.m_DepthImageWidth*sensorData.m_DepthImageHeight);\n",
    "# }\n",
    "# for (size_t i = 0; i < sensorData.m_ColorImages.size(); i++) {\n",
    "#     sensorData.m_ColorImages[i] = new vec4uc[sensorData.m_ColorImageWidth*sensorData.m_ColorImageHeight];\n",
    "#     s.readData((BYTE*)sensorData.m_ColorImages[i], sizeof(vec4uc)*sensorData.m_ColorImageWidth*sensorData.m_ColorImageHeight);\n",
    "# }\n",
    "\n",
    "# s >> sensorData.m_ColorImagesTimeStamps;\n",
    "# s >> sensorData.m_DepthImagesTimeStamps;\n",
    "\n",
    "# s >> sensorData.m_trajectory;"
   ]
  },
  {
   "cell_type": "code",
   "execution_count": 80,
   "metadata": {
    "scrolled": true
   },
   "outputs": [
    {
     "name": "stdout",
     "output_type": "stream",
     "text": [
      "reading header...\n",
      "m_versionNumber = 4\n",
      "\n",
      " 4\n",
      "m_sensorName = StructureSensor\n",
      "\n",
      " StructureSensor\n",
      "m_colorWidth = 2357\n",
      "\n",
      " 2357\n",
      "m_colorHeight = 1958\n",
      "\n",
      " 1958\n",
      "m_depthWidth = 2357\n",
      "\n",
      " 2357\n",
      "m_depthHeight = 1958\n",
      "\n",
      " 1958\n",
      "m_depthShift = 65535\n",
      "\n",
      " 65535\n",
      "m_calibrationColorIntrinsic = 2357 1958 2291.7852039710788 2294.9830320504343 1177.495158214813 975.6468065598369\n",
      "\n",
      "[[2.2917852e+03 0.0000000e+00 1.1774951e+03 0.0000000e+00]\n",
      " [0.0000000e+00 2.2949829e+03 9.7564679e+02 0.0000000e+00]\n",
      " [0.0000000e+00 0.0000000e+00 1.0000000e+00 0.0000000e+00]\n",
      " [0.0000000e+00 0.0000000e+00 0.0000000e+00 1.0000000e+00]]\n",
      "m_calibrationColorExtrinsic = 1 0 0 0 0 1 0 0 0 0 1 0 0 0 0 1\n",
      "\n",
      "m_calibrationDepthIntrinsic = 2357 1958 2291.7852039710788 2294.9830320504343 1177.495158214813 975.6468065598369\n",
      "\n",
      "[[2.2917852e+03 0.0000000e+00 1.1774951e+03 0.0000000e+00]\n",
      " [0.0000000e+00 2.2949829e+03 9.7564679e+02 0.0000000e+00]\n",
      " [0.0000000e+00 0.0000000e+00 1.0000000e+00 0.0000000e+00]\n",
      " [0.0000000e+00 0.0000000e+00 0.0000000e+00 1.0000000e+00]]\n",
      "m_calibrationDepthExtrinsic = 1 0 0 0 0 1 0 0 0 0 1 0 0 0 0 1\n",
      "\n",
      "m_frames.size = 100\n",
      "\n",
      " 100\n",
      "done!\n",
      "reading imu file...\n",
      "rotationRate = 0.0\n",
      "\n",
      " 0.0\n",
      "acceleration = 0.0\n",
      "\n",
      " 0.0\n",
      "magneticField = 0.0\n",
      "\n",
      " 0.0\n",
      "attitude = 0.0\n",
      "\n",
      " 0.0\n",
      "gravity = 0.0\n",
      "\n",
      " 0.0\n",
      "timeStamp = 0\n",
      " 0\n",
      "done!\n",
      "reading frames...\n",
      "number of frames = 100\n",
      "m_cameraToWorld [array([[ 0.99383614,  0.00152718,  0.11084852, -0.02429475],\n",
      "       [-0.00824956,  0.99815155,  0.06021146, -0.15228324],\n",
      "       [-0.11055167, -0.06075477,  0.99201169,  0.00247597],\n",
      "       [ 0.        ,  0.        ,  0.        ,  1.        ]]), array([[ 0.98173217, -0.00523209,  0.19019613, -0.07763992],\n",
      "       [-0.00629037,  0.99818289,  0.05992785, -0.15209243],\n",
      "       [-0.19016407, -0.06002951,  0.97991535,  0.00810215],\n",
      "       [ 0.        ,  0.        ,  0.        ,  1.        ]]), array([[ 0.96331938, -0.01176679,  0.26809945, -0.13045888],\n",
      "       [-0.00443872,  0.99820292,  0.05975973, -0.15180207],\n",
      "       [-0.26832084, -0.05875773,  0.96153599,  0.01808515],\n",
      "       [ 0.        ,  0.        ,  0.        ,  1.        ]]), array([[ 0.93861814, -0.01816315,  0.34447944, -0.18220553],\n",
      "       [-0.00256603,  0.9982176 ,  0.05962417, -0.1516755 ],\n",
      "       [-0.3449484 , -0.05684827,  0.93689854,  0.03217985],\n",
      "       [ 0.        ,  0.        ,  0.        ,  1.        ]]), array([[ 9.07906462e-01, -2.43111082e-02,  4.18467235e-01,\n",
      "        -2.32735785e-01],\n",
      "       [-8.55708016e-04,  9.98207136e-01,  5.98479939e-02,\n",
      "        -1.51903395e-01],\n",
      "       [-4.19171951e-01, -5.46944661e-02,  9.06257905e-01,\n",
      "         5.05172200e-02],\n",
      "       [ 0.00000000e+00,  0.00000000e+00,  0.00000000e+00,\n",
      "         1.00000000e+00]]), array([[ 8.71341293e-01, -3.01345060e-02,  4.89751225e-01,\n",
      "        -2.81738506e-01],\n",
      "       [ 9.87062747e-04,  9.98218002e-01,  5.96644508e-02,\n",
      "        -1.52003928e-01],\n",
      "       [-4.90676448e-01, -5.15046845e-02,  8.69818309e-01,\n",
      "         7.27466514e-02],\n",
      "       [ 0.00000000e+00,  0.00000000e+00,  0.00000000e+00,\n",
      "         1.00000000e+00]]), array([[ 0.82898806, -0.03603202,  0.55810437, -0.32870766],\n",
      "       [ 0.00294768,  0.99819004,  0.0600662 , -0.15250848],\n",
      "       [-0.55925853, -0.04814905,  0.82759384,  0.09885934],\n",
      "       [ 0.        ,  0.        ,  0.        ,  1.        ]]), array([[ 0.78126381, -0.04156926,  0.62281526, -0.37337725],\n",
      "       [ 0.00483766,  0.99815329,  0.06055248, -0.15279802],\n",
      "       [-0.62418223, -0.0442945 ,  0.78002214,  0.12852699],\n",
      "       [ 0.        ,  0.        ,  0.        ,  1.        ]]), array([[ 0.72862309, -0.0465738 ,  0.68332954, -0.41554965],\n",
      "       [ 0.00646284,  0.99810846,  0.06113702, -0.15323021],\n",
      "       [-0.68488438, -0.04012959,  0.72754587,  0.16180054],\n",
      "       [ 0.        ,  0.        ,  0.        ,  1.        ]]), array([[ 0.6712623 , -0.05137506,  0.73943731, -0.45496876],\n",
      "       [ 0.00813301,  0.99804552,  0.06195964, -0.15376667],\n",
      "       [-0.74117527, -0.03557732,  0.67036816,  0.19835641],\n",
      "       [ 0.        ,  0.        ,  0.        ,  1.        ]]), array([[ 0.60941946, -0.05555117,  0.79089948, -0.49124673],\n",
      "       [ 0.00953907,  0.99798393,  0.06274613, -0.15431462],\n",
      "       [-0.7927906 , -0.03069427,  0.60872074,  0.23798928],\n",
      "       [ 0.        ,  0.        ,  0.        ,  1.        ]]), array([[ 0.54405159, -0.05931482,  0.83695258, -0.52414973],\n",
      "       [ 0.0111444 ,  0.99792099,  0.06347835, -0.15514514],\n",
      "       [-0.83897775, -0.02520816,  0.54358153,  0.28024026],\n",
      "       [ 0.        ,  0.        ,  0.        ,  1.        ]]), array([[ 0.48018268, -0.13257819,  0.86709147, -0.54320776],\n",
      "       [ 0.01260188,  0.98945251,  0.14430845, -0.20904744],\n",
      "       [-0.87707798, -0.05836744,  0.47678869,  0.32546348],\n",
      "       [ 0.        ,  0.        ,  0.        ,  1.        ]]), array([[ 0.54964537, -0.1257437 ,  0.82588043, -0.51361774],\n",
      "       [ 0.01134884,  0.98963973,  0.14312378, -0.20825592],\n",
      "       [-0.835321  , -0.06929453,  0.54537794,  0.2809792 ],\n",
      "       [ 0.        ,  0.        ,  0.        ,  1.        ]]), array([[ 0.61551939, -0.11811851,  0.77922006, -0.48050784],\n",
      "       [ 0.00984164,  0.98978007,  0.14226229, -0.20747791],\n",
      "       [-0.78806029, -0.0798964 ,  0.6103913 ,  0.23913796],\n",
      "       [ 0.        ,  0.        ,  0.        ,  1.        ]]), array([[ 0.67743316, -0.10948673,  0.72739052, -0.44405703],\n",
      "       [ 0.00796473,  0.98989462,  0.14158111, -0.20690197],\n",
      "       [-0.73554122, -0.09011827,  0.67145947,  0.20008246],\n",
      "       [ 0.        ,  0.        ,  0.        ,  1.        ]]), array([[ 0.73484571, -0.10009021,  0.67080827, -0.40450477],\n",
      "       [ 0.00629048,  0.99001418,  0.14082741, -0.20635476],\n",
      "       [-0.67820515, -0.09926671,  0.72813728,  0.16406982],\n",
      "       [ 0.        ,  0.        ,  0.        ,  1.        ]]), array([[ 0.78754937, -0.08996532,  0.60964927, -0.36223382],\n",
      "       [ 0.0045692 ,  0.99011164,  0.14020723, -0.20581574],\n",
      "       [-0.61623462, -0.10763451,  0.78017287,  0.13141253],\n",
      "       [ 0.        ,  0.        ,  0.        ,  1.        ]]), array([[ 0.8350932 , -0.07933194,  0.54435814, -0.31734832],\n",
      "       [ 0.00267873,  0.99012159,  0.14018578, -0.20549856],\n",
      "       [-0.55010196, -0.11561   ,  0.82705632,  0.10236951],\n",
      "       [ 0.        ,  0.        ,  0.        ,  1.        ]]), array([[ 0.87702778, -0.06801937,  0.47560029, -0.27027815],\n",
      "       [ 0.00112985,  0.99021647,  0.13953521, -0.20522701],\n",
      "       [-0.48043833, -0.1218389 ,  0.8685242 ,  0.07688568],\n",
      "       [ 0.        ,  0.        ,  0.        ,  1.        ]]), array([[ 9.13177979e-01, -5.61062074e-02,  4.03680656e-01,\n",
      "        -2.21412644e-01],\n",
      "       [-7.76089365e-04,  9.90237901e-01,  1.39385427e-01,\n",
      "        -2.05149691e-01],\n",
      "       [-4.07560273e-01, -1.27596995e-01,  9.04219902e-01,\n",
      "         5.53721863e-02],\n",
      "       [ 0.00000000e+00,  0.00000000e+00,  0.00000000e+00,\n",
      "         1.00000000e+00]]), array([[ 0.94313156, -0.04374672,  0.32952858, -0.17074543],\n",
      "       [-0.00272602,  0.99025163,  0.13926336, -0.20512492],\n",
      "       [-0.33240853, -0.13224197,  0.93381831,  0.03783227],\n",
      "       [ 0.        ,  0.        ,  0.        ,  1.        ]]), array([[ 0.96703189, -0.03106618,  0.25275329, -0.11914442],\n",
      "       [-0.00461048,  0.99023243,  0.13935019, -0.20513464],\n",
      "       [-0.25461358, -0.13592139,  0.95744311,  0.02447908],\n",
      "       [ 0.        ,  0.        ,  0.        ,  1.        ]]), array([[ 0.98449047, -0.01818251,  0.17449332, -0.06643388],\n",
      "       [-0.00647951,  0.9901678 ,  0.13973457, -0.20545867],\n",
      "       [-0.17531839, -0.13869798,  0.97469294,  0.01540968],\n",
      "       [ 0.        ,  0.        ,  0.        ,  1.        ]]), array([[ 0.99389309, -0.01689207,  0.10904672, -0.02227712],\n",
      "       [-0.00743242,  0.97572175,  0.21888772, -0.25790304],\n",
      "       [-0.11009672, -0.21836147,  0.96963755,  0.02424854],\n",
      "       [ 0.        ,  0.        ,  0.        ,  1.        ]]), array([[ 0.98141762, -0.03643802,  0.18839248, -0.07507382],\n",
      "       [-0.0057097 ,  0.97582389,  0.21848373, -0.25741045],\n",
      "       [-0.19179899, -0.21549945,  0.95748271,  0.02979004],\n",
      "       [ 0.        ,  0.        ,  0.        ,  1.        ]]), array([[ 0.96218232, -0.05607233,  0.26657285, -0.12743216],\n",
      "       [-0.00369603,  0.97580816,  0.21859727, -0.25722919],\n",
      "       [-0.27238122, -0.21131569,  0.93869812,  0.03976559],\n",
      "       [ 0.        ,  0.        ,  0.        ,  1.        ]]), array([[ 0.93641988, -0.07503996,  0.34276348, -0.17853056],\n",
      "       [-0.00177589,  0.97583795,  0.21848832, -0.25739588],\n",
      "       [-0.35087697, -0.20520552,  0.91366079,  0.0539095 ],\n",
      "       [ 0.        ,  0.        ,  0.        ,  1.        ]]), array([[ 9.04307750e-01, -9.33851260e-02,  4.16541368e-01,\n",
      "        -2.28416797e-01],\n",
      "       [ 1.17323076e-04,  9.75832708e-01,  2.18518907e-01,\n",
      "        -2.57323425e-01],\n",
      "       [-4.26881106e-01, -1.97559471e-01,  8.82464037e-01,\n",
      "         7.22317520e-02],\n",
      "       [ 0.00000000e+00,  0.00000000e+00,  0.00000000e+00,\n",
      "         1.00000000e+00]]), array([[ 0.86592854, -0.11099241,  0.48769709, -0.27671869],\n",
      "       [ 0.0018638 ,  0.97577635,  0.21876253, -0.25768554],\n",
      "       [-0.50016426, -0.18852375,  0.84515946,  0.09472271],\n",
      "       [ 0.        ,  0.        ,  0.        ,  1.        ]]), array([[ 0.82158608, -0.12772291,  0.55559263, -0.32300294],\n",
      "       [ 0.00360037,  0.97572253,  0.21898078, -0.25814099],\n",
      "       [-0.57007311, -0.17791122,  0.8020999 ,  0.12107943],\n",
      "       [ 0.        ,  0.        ,  0.        ,  1.        ]]), array([[ 0.77172786, -0.143532  ,  0.61954392, -0.36686853],\n",
      "       [ 0.00538118,  0.97563672,  0.21932632, -0.25838185],\n",
      "       [-0.63593014, -0.16592636,  0.75369841,  0.15100521],\n",
      "       [ 0.        ,  0.        ,  0.        ,  1.        ]]), array([[ 0.71658447, -0.15832636,  0.67929336, -0.40816876],\n",
      "       [ 0.0071424 ,  0.97551139,  0.21983291, -0.2588537 ],\n",
      "       [-0.69746375, -0.15267706,  0.70016714,  0.1845157 ],\n",
      "       [ 0.        ,  0.        ,  0.        ,  1.        ]]), array([[ 0.65642854, -0.17227008,  0.7344553 , -0.44644393],\n",
      "       [ 0.00926003,  0.97534405,  0.22049545, -0.25953073],\n",
      "       [-0.75433137, -0.13793843,  0.6418389 ,  0.22133849],\n",
      "       [ 0.        ,  0.        ,  0.        ,  1.        ]]), array([[ 0.59206664, -0.18440239,  0.78450803, -0.48165384],\n",
      "       [ 0.01057101,  0.97516239,  0.22123869, -0.26014603],\n",
      "       [-0.80581967, -0.12269501,  0.57931044,  0.26116764],\n",
      "       [ 0.        ,  0.        ,  0.        ,  1.        ]]), array([[ 0.52366647, -0.19561449,  0.82916126, -0.51340309],\n",
      "       [ 0.01222092,  0.97490624,  0.22228016, -0.260921  ],\n",
      "       [-0.85183571, -0.10626756,  0.5129163 ,  0.30379361],\n",
      "       [ 0.        ,  0.        ,  0.        ,  1.        ]]), array([[ 0.48038247, -0.26981894,  0.83452407, -0.51524136],\n",
      "       [ 0.01350996,  0.9536662 ,  0.30056324, -0.312383  ],\n",
      "       [-0.87695505, -0.13311092,  0.46176976,  0.33862283],\n",
      "       [ 0.        ,  0.        ,  0.        ,  1.        ]]), array([[ 0.55268061, -0.25574698,  0.79318196, -0.48577199],\n",
      "       [ 0.01182196,  0.95406016,  0.2993818 , -0.31148244],\n",
      "       [-0.8333093 , -0.15608555,  0.53031397,  0.29479   ],\n",
      "       [ 0.        ,  0.        ,  0.        ,  1.        ]]), array([[ 0.62097288, -0.23998937,  0.74618884, -0.45253766],\n",
      "       [ 0.01023944,  0.95437786,  0.29842597, -0.31088847],\n",
      "       [-0.78376517, -0.17767388,  0.59510013,  0.25360866],\n",
      "       [ 0.        ,  0.        ,  0.        ,  1.        ]]), array([[ 0.68488184, -0.22238881,  0.69388766, -0.41603275],\n",
      "       [ 0.00854599,  0.9546728 ,  0.29753454, -0.31023827],\n",
      "       [-0.72860403, -0.19784604,  0.6557386 ,  0.21532395],\n",
      "       [ 0.        ,  0.        ,  0.        ,  1.        ]]), array([[ 0.74419543, -0.20316024,  0.63631681, -0.376516  ],\n",
      "       [ 0.00665239,  0.95483133,  0.29707386, -0.30968573],\n",
      "       [-0.66792882, -0.21684798,  0.71193261,  0.1803496 ],\n",
      "       [ 0.        ,  0.        ,  0.        ,  1.        ]]), array([[ 0.79793963, -0.18249102,  0.57444702, -0.33394771],\n",
      "       [ 0.00483088,  0.95496926,  0.29666541, -0.30925939],\n",
      "       [-0.60271802, -0.23394601,  0.76288941,  0.14871979],\n",
      "       [ 0.        ,  0.        ,  0.        ,  1.        ]]), array([[ 0.84620801, -0.16037413,  0.5081458 , -0.28907827],\n",
      "       [ 0.003031  ,  0.95506604,  0.29637759, -0.30886411],\n",
      "       [-0.53284409, -0.2492569 ,  0.80867062,  0.12087511],\n",
      "       [ 0.        ,  0.        ,  0.        ,  1.        ]]), array([[ 0.88819828, -0.13716162,  0.43850941, -0.2418567 ],\n",
      "       [ 0.00136695,  0.95518562,  0.29600433, -0.30867523],\n",
      "       [-0.45945832, -0.26231111,  0.84858172,  0.09683621],\n",
      "       [ 0.        ,  0.        ,  0.        ,  1.        ]]), array([[ 9.23850772e-01, -1.12706941e-01,  3.65782582e-01,\n",
      "        -1.92871196e-01],\n",
      "       [-6.09918558e-04,  9.55227858e-01,  2.95870523e-01,\n",
      "        -3.08541397e-01],\n",
      "       [-3.82752374e-01, -2.73563309e-01,  8.82419252e-01,\n",
      "         7.68936630e-02],\n",
      "       [ 0.00000000e+00,  0.00000000e+00,  0.00000000e+00,\n",
      "         1.00000000e+00]]), array([[ 0.95289095, -0.08749259,  0.29042017, -0.14225838],\n",
      "       [-0.0025403 ,  0.9551574 ,  0.29608764, -0.30867108],\n",
      "       [-0.30330245, -0.28287699,  0.90993859,  0.06117114],\n",
      "       [ 0.        ,  0.        ,  0.        ,  1.        ]]), array([[ 0.97514268, -0.06148106,  0.21287752, -0.09060983],\n",
