{
 "cells": [
  {
   "cell_type": "code",
   "execution_count": 3,
   "metadata": {},
   "outputs": [],
   "source": [
    "import os\n",
    "import sys\n",
    "import numpy as np\n",
    "from PIL import Image\n",
    "from tqdm import tqdm"
   ]
  },
  {
   "cell_type": "markdown",
   "metadata": {},
   "source": [
    "### Functions for BundleFusion [dataset](http://graphics.stanford.edu/projects/bundlefusion/)"
   ]
  },
  {
   "cell_type": "code",
   "execution_count": 4,
   "metadata": {},
   "outputs": [],
   "source": [
    "# rewritting sensorData.h\n",
    "\n",
    "def make_matrix(data):\n",
    "    return np.array([np.array(d, dtype=np.float32) for d in data[1:]]).reshape((4, 4))\n",
    "\n",
    "def read_info(filename):\n",
    "    header_data = {}\n",
    "    with open(filename) as file:\n",
    "        for line in file:\n",
    "            print(line)\n",
    "            tmp = line.strip().split('=')\n",
    "            if 'Intrinsic' in tmp[0] or 'Extrinsic' in tmp[0]:\n",
    "                header_data[tmp[0].rstrip()] = make_matrix(tmp[-1].rstrip().split(' '))\n",
    "            else:\n",
    "                print(tmp[-1])\n",
    "                header_data[tmp[0].rstrip()] = tmp[-1].strip()\n",
    "                    \n",
    "    return header_data\n",
    "  \n",
    "def read_image(filename):\n",
    "    im = Image.open(filename)\n",
    "    return np.asarray(im)\n",
    "    \n",
    "def read_frames(folder, num_frames):\n",
    "    frames = {'m_colorCompressed': [], 'm_depthCompressed': [], 'm_cameraToWorld': [],\n",
    "              'm_timeStampColor': [], 'm_timeStampDepth': [], \n",
    "              'm_colorSizeBytes': [], 'm_depthSizeBytes': []}\n",
    "    frames['num_frames'] = num_frames\n",
    "    for i in range(int(num_frames)):\n",
    "        frames['m_colorCompressed'].append(read_image(folder + f'/frame-{i:06}.color.jpg'))\n",
    "        frames['m_timeStampColor'].append(i)\n",
    "        frames['m_depthCompressed'].append(read_image(folder + f'/frame-{i:06}.depth.png'))\n",
    "        frames['m_timeStampDepth'].append(i)\n",
    "        \n",
    "        frames['m_cameraToWorld'].append(np.loadtxt(folder + f'/frame-{i:06}.pose.txt'))\n",
    "        h, w, c = frames['m_colorCompressed'][-1].shape\n",
    "        frames['m_colorSizeBytes'].append(h*w*c) # uint8 * h * w * c \n",
    "        h, w = frames['m_depthCompressed'][-1].shape\n",
    "        frames['m_depthSizeBytes'].append(2*h*w) # uint16 * h * w\n",
    "    \n",
    "    return frames\n",
    "\n",
    "def writeHeaderToFile(out, data):\n",
    "    # out.write(m_versionNumber, sizeof(unsigned int));\n",
    "    # #define M_SENSOR_DATA_VERSION 4 (line 800)\n",
    "    np.array(data['m_versionNumber'], dtype=np.uint32).tofile(out)\n",
    "    print('m_versionNumber', data['m_versionNumber'])\n",
    "    print('len(data sensor name)', len(data['m_sensorName'])) \n",
    "    np.array([len(data['m_sensorName'])], dtype=np.uint64).tofile(out)\n",
    "    print('sensor name', data['m_sensorName'].strip())\n",
    "    out.write(data['m_sensorName'].encode())\n",
    "    # out.write((const char*)&m_extrinsic, sizeof(mat4f));\n",
    "    print(data['m_calibrationColorIntrinsic'])\n",
    "    data['m_calibrationColorIntrinsic'].tofile(out)\n",
    "    print(data['m_calibrationColorExtrinsic'])\n",
    "    data['m_calibrationColorExtrinsic'].tofile(out)\n",
    "    print(data['m_calibrationDepthIntrinsic'])\n",
    "    data['m_calibrationDepthIntrinsic'].tofile(out)\n",
    "    print(data['m_calibrationDepthExtrinsic'])\n",
    "    data['m_calibrationDepthExtrinsic'].tofile(out)\n",
    "    \n",
    "#     out.write((const char*)&m_colorCompressionType, sizeof(COMPRESSION_TYPE_COLOR));\n",
    "#     out.write((const char*)&m_depthCompressionType, sizeof(COMPRESSION_TYPE_DEPTH));\n",
    "#     m_colorCompressionType, m_depthCompressionType = TYPE_COLOR_UNKNOWN; TYPE_COLOR_UNKNOWN = -1;\n",
    "    \n",
    "    # compression type is temporarily set as UNKNOWN \n",
    "    np.array([0], dtype=np.int32).tofile(out)\n",
    "    np.array([0], dtype=np.int32).tofile(out)\n",
    "    \n",
    "    np.array(data['m_colorWidth'], dtype=np.uint32).tofile(out)\n",
    "    np.array(data['m_colorHeight'], dtype=np.uint32).tofile(out)\n",
    "    np.array(data['m_depthWidth'], dtype=np.uint32).tofile(out)\n",
    "    np.array(data['m_depthHeight'], dtype=np.uint32).tofile(out)\n",
    "    np.array(data['m_depthShift'], dtype=np.float32).tofile(out)\n",
    "    print('depth shift', data['m_depthShift'])\n",
    "\n",
    "def writeRGBFramesToFile(out, rgbdframes):\n",
    "\n",
    "    for i in tqdm(range(int(rgbdframes['num_frames']))):\n",
    "        np.array(rgbdframes['m_cameraToWorld'][i], dtype=np.float32).tofile(out)\n",
    "        np.array(rgbdframes['m_timeStampColor'][i], dtype=np.uint64).tofile(out)\n",
    "        np.array(rgbdframes['m_timeStampDepth'][i], dtype=np.uint64).tofile(out)\n",
    "        np.array(rgbdframes['m_colorSizeBytes'][i], dtype=np.uint64).tofile(out)\n",
    "        np.array(rgbdframes['m_depthSizeBytes'][i], dtype=np.uint64).tofile(out)\n",
    "        \n",
    "        rgbdframes['m_colorCompressed'][i].tofile(out)\n",
    "        np.array(rgbdframes['m_depthCompressed'][i], dtype=np.uint16).tofile(out)\n",
    "        #np.array(rgbdframes['m_colorCompressed'][i], dtype=np.ubyte).tofile(out)\n",
    "        # if i > 100:\n",
    "        #     break\n",
    "\n",
    "def writeIMUFramesToFile(out, data):\n",
    "    '''\n",
    "        write the following data to the .sens file: (the order matters)\n",
    "            - number of frames\n",
    "            - rotationRate\n",
    "            - acceleration\n",
    "            - magneticField\n",
    "            - attitude\n",
    "            - gravity\n",
    "            - timeStamp \n",
    "        default data:\n",
    "            num_frames = number of rgbd images in the folder\n",
    "            IMUFrame() {\n",
    "                    rotationRate = vec3d(0.0);\n",
    "                    acceleration = vec3d(0.0);\n",
    "                    magneticField = vec3d(0.0);\n",
    "                    attitude = vec3d(0.0);\n",
    "                    gravity = vec3d(0.0);\n",
    "                    timeStamp = 0;\n",
    "                }\n",
    "            \n",
    "    '''\n",
    "    for key in data.keys():\n",
    "        print(f'writting {key} to file, value = {data[key]}')\n",
    "        if 'timeStamp' in key:\n",
    "            np.array(data[key], dtype=np.int64).tofile(out)\n",
    "        else:\n",
    "            np.array(data[key], dtype=np.float).tofile(out)\n",
    "        \n",
    "def saveToFile(data_dir, filename_out, dir_out='C:/Users/unid0/Downloads/BundleFusion-master/BundleFusion-master/FriedLiver/x64/data'):\n",
    "    #std::ofstream out(filename, std::ios::binary);\n",
    "    out = open(f'{dir_out}/{filename_out}.sens', 'wb')\n",
    "\n",
    "    header_filename = data_dir + '/info.txt'\n",
    "    print('reading header...')\n",
    "    data_header = read_info(header_filename)\n",
    "    print('done!')\n",
    "    print('reading imu file...')\n",
    "    imu_filename = data_dir + '/imu.txt'\n",
    "    imu_data = read_info(imu_filename)\n",
    "    print('done!')\n",
    "    #data_header['m_frames.size'] = 100\n",
    "    imu_data['num_frames'] = data_header['m_frames.size']\n",
    "    print('reading frames...')\n",
    "    rgbdframes = read_frames(data_dir, data_header['m_frames.size'])#read rgbframes from data dir\n",
    "    print('done!')\n",
    "    \n",
    "    print('writting header...')\n",
    "    writeHeaderToFile(out, data_header)\n",
    "    print('done!')\n",
    "    print('writting rgbd frames...')\n",
    "    np.array(int(data_header['m_frames.size']), np.int64).tofile(out)\n",
    "\n",
    "    writeRGBFramesToFile(out, rgbdframes)\n",
    "    print('done!')\n",
    "    print('writting imu frames...')\n",
    "    writeIMUFramesToFile(out, imu_data)\n",
    "    print('done!')"
   ]
  },
  {
   "cell_type": "code",
   "execution_count": 80,
   "metadata": {
    "scrolled": true
   },
   "outputs": [
    {
     "name": "stdout",
     "output_type": "stream",
     "text": [
      "reading header...\n",
      "m_versionNumber = 4\n",
      "\n",
      " 4\n",
      "m_sensorName = StructureSensor\n",
      "\n",
      " StructureSensor\n",
      "m_colorWidth = 640\n",
      "\n",
      " 640\n",
      "m_colorHeight = 480\n",
      "\n",
      " 480\n",
      "m_depthWidth = 640\n",
      "\n",
      " 640\n",
      "m_depthHeight = 480\n",
      "\n",
      " 480\n",
      "m_depthShift = 1000\n",
      "\n",
      " 1000\n",
      "m_calibrationColorIntrinsic = 582.871 0 320 0 0 582.871 240 0 0 0 1 0 0 0 0 1 \n",
      "\n",
      "m_calibrationColorExtrinsic = 1 0 0 0 0 1 0 0 0 0 1 0 0 0 0 1 \n",
      "\n",
      "m_calibrationDepthIntrinsic = 583 0 320 0 0 583 240 0 0 0 1 0 0 0 0 1 \n",
      "\n",
      "m_calibrationDepthExtrinsic = 1 0 0 0 0 1 0 0 0 0 1 0 0 0 0 1 \n",
      "\n",
      "m_frames.size = 8560\n",
      "\n",
      " 8560\n",
      "done!\n",
      "reading imu file...\n",
      "rotationRate = 0.0\n",
      "\n",
      " 0.0\n",
      "acceleration = 0.0\n",
      "\n",
      " 0.0\n",
      "magneticField = 0.0\n",
      "\n",
      " 0.0\n",
      "attitude = 0.0\n",
      "\n",
      " 0.0\n",
      "gravity = 0.0\n",
      "\n",
      " 0.0\n",
      "timeStamp = 0\n",
      " 0\n",
      "done!\n",
      "reading frames...\n",
      "done!\n",
      "writting header...\n",
      "m_versionNumber 4\n",
      "len(data sensor name) 15\n",
      "senosor name StructureSensor\n",
      "[[582.871   0.    320.      0.   ]\n",
      " [  0.    582.871 240.      0.   ]\n",
      " [  0.      0.      1.      0.   ]\n",
      " [  0.      0.      0.      1.   ]]\n",
      "[[1. 0. 0. 0.]\n",
      " [0. 1. 0. 0.]\n",
      " [0. 0. 1. 0.]\n",
      " [0. 0. 0. 1.]]\n",
      "[[583.   0. 320.   0.]\n",
      " [  0. 583. 240.   0.]\n",
      " [  0.   0.   1.   0.]\n",
      " [  0.   0.   0.   1.]]\n",
      "[[1. 0. 0. 0.]\n",
      " [0. 1. 0. 0.]\n",
      " [0. 0. 1. 0.]\n",
      " [0. 0. 0. 1.]]\n",
      "depth shift 1000\n",
      "done!\n",
      "writting rgbd frames...\n"
     ]
    },
    {
     "name": "stderr",
     "output_type": "stream",
     "text": [
      "  1%|          | 89/8560 [00:00<00:09, 883.55it/s]"
     ]
    },
    {
     "name": "stdout",
     "output_type": "stream",
     "text": [
      "[[1. 0. 0. 0.]\n",
      " [0. 1. 0. 0.]\n",
      " [0. 0. 1. 0.]\n",
      " [0. 0. 0. 1.]]\n",
      "BYTES 921600 614400\n",
      "[[ 9.99998e-01  1.74498e-03 -8.95149e-04 -6.79164e-06]\n",
      " [-1.74426e-03  9.99998e-01  7.97849e-04  8.22270e-04]\n",
      " [ 8.96555e-04 -7.96269e-04  9.99999e-01 -8.69697e-06]\n",
      " [ 0.00000e+00  0.00000e+00  0.00000e+00  1.00000e+00]]\n",
      "BYTES 921600 614400\n",
      "[[ 9.99994e-01  3.35404e-03 -6.88818e-04  4.50614e-05]\n",
      " [-3.35259e-03  9.99992e-01  2.10069e-03  2.10904e-03]\n",
      " [ 6.95841e-04 -2.09837e-03  9.99998e-01  8.12693e-04]\n",
      " [ 0.00000e+00  0.00000e+00  0.00000e+00  1.00000e+00]]\n",
      "BYTES 921600 614400\n",
      "[[ 9.99940e-01  1.10020e-02  8.58847e-05 -2.03865e-03]\n",
      " [-1.10023e-02  9.99881e-01  1.08288e-02  4.77726e-03]\n",
      " [ 3.31900e-05 -1.08291e-02  9.99941e-01  1.84944e-03]\n",
      " [ 0.00000e+00  0.00000e+00  0.00000e+00  1.00000e+00]]\n",
      "BYTES 921600 614400\n",
      "[[ 9.99946e-01  1.03698e-02  2.07547e-04 -2.61505e-03]\n",
      " [-1.03715e-02  9.99879e-01  1.16153e-02  4.64777e-03]\n",
      " [-8.71570e-05 -1.16169e-02  9.99933e-01  1.80929e-03]\n",
      " [ 0.00000e+00  0.00000e+00  0.00000e+00  1.00000e+00]]\n",
      "BYTES 921600 614400\n",
      "[[ 9.99953e-01  9.71877e-03 -5.06904e-04 -3.22662e-03]\n",
      " [-9.71213e-03  9.99883e-01  1.17852e-02  4.33502e-03]\n",
      " [ 6.21315e-04 -1.17797e-02  9.99930e-01  1.56461e-03]\n",
      " [ 0.00000e+00  0.00000e+00  0.00000e+00  1.00000e+00]]\n",
      "BYTES 921600 614400\n",
      "[[ 9.99943e-01  4.88239e-03 -9.45821e-03  7.78630e-03]\n",
      " [-4.78451e-03  9.99935e-01  1.03476e-02  7.82252e-03]\n",
      " [ 9.50810e-03 -1.03018e-02  9.99902e-01  8.10697e-04]\n",
      " [ 0.00000e+00  0.00000e+00  0.00000e+00  1.00000e+00]]\n",
      "BYTES 921600 614400\n",
      "[[ 9.99935e-01  6.76642e-03 -9.21438e-03  8.05240e-03]\n",
      " [-6.65899e-03  9.99910e-01  1.16423e-02  8.03149e-03]\n",
      " [ 9.29232e-03 -1.15802e-02  9.99890e-01  7.97838e-04]\n",
      " [ 0.00000e+00  0.00000e+00  0.00000e+00  1.00000e+00]]\n",
      "BYTES 921600 614400\n",
      "[[ 9.99921e-01  9.58552e-03 -8.18692e-03  7.55868e-03]\n",
      " [-9.47076e-03  9.99858e-01  1.39459e-02  8.03511e-03]\n",
      " [ 8.31941e-03 -1.38673e-02  9.99869e-01  8.31497e-04]\n",
      " [ 0.00000e+00  0.00000e+00  0.00000e+00  1.00000e+00]]\n",
      "BYTES 921600 614400\n",
      "[[ 9.99914e-01  9.99267e-03 -8.49292e-03  7.77691e-03]\n",
      " [-9.87010e-03  9.99848e-01  1.43567e-02  8.49948e-03]\n",
      " [ 8.63506e-03 -1.42717e-02  9.99861e-01  5.79831e-04]\n",
      " [ 0.00000e+00  0.00000e+00  0.00000e+00  1.00000e+00]]\n",
      "BYTES 921600 614400\n",
      "[[ 9.99873e-01  1.59629e-02 -1.11953e-05 -3.79913e-03]\n",
      " [-1.59542e-02  9.99352e-01  3.22652e-02 -1.53528e-02]\n",
      " [ 5.26222e-04 -3.22609e-02  9.99479e-01 -7.55499e-03]\n",
      " [ 0.00000e+00  0.00000e+00  0.00000e+00  1.00000e+00]]\n",
      "BYTES 921600 614400\n",
      "[[ 9.99867e-01  1.62998e-02  4.79414e-04 -2.61730e-03]\n",
      " [-1.63068e-02  9.99344e-01  3.23258e-02 -1.54730e-02]\n",
      " [ 4.77955e-05 -3.23293e-02  9.99477e-01 -7.85770e-03]\n",
      " [ 0.00000e+00  0.00000e+00  0.00000e+00  1.00000e+00]]\n",
      "BYTES 921600 614400\n",
      "[[ 9.99876e-01  1.54797e-02  2.96556e-03 -7.80109e-04]\n",
      " [-1.55701e-02  9.99322e-01  3.33692e-02 -1.34864e-02]\n",
      " [-2.44702e-03 -3.34113e-02  9.99439e-01 -8.20406e-03]\n",
      " [ 0.00000e+00  0.00000e+00  0.00000e+00  1.00000e+00]]\n",
      "BYTES 921600 614400\n",
      "[[ 0.999881    0.0150481   0.00338221  0.00195324]\n",
      " [-0.015158    0.999264    0.0352288  -0.0131316 ]\n",
      " [-0.0028496  -0.0352759   0.999374   -0.00856458]\n",
      " [ 0.          0.          0.          1.        ]]\n",
      "BYTES 921600 614400\n",
      "[[ 0.999894    0.0139108   0.00425364  0.00344493]\n",
      " [-0.014054    0.999263    0.0357105  -0.0124065 ]\n",
      " [-0.00375374 -0.0357665   0.999353   -0.00866314]\n",
      " [ 0.          0.          0.          1.        ]]\n",
      "BYTES 921600 614400\n",
      "[[ 0.999928    0.0109036   0.00503579  0.00540724]\n",
      " [-0.0110855   0.99923     0.037636   -0.00978094]\n",
      " [-0.00462153 -0.0376892   0.999279   -0.00894376]\n",
      " [ 0.          0.          0.          1.        ]]\n",
      "BYTES 921600 614400\n",
      "[[ 0.999938    0.0103064   0.00431737  0.00586845]\n",
      " [-0.0104721   0.999132    0.0403202  -0.010835  ]\n",
      " [-0.00389803 -0.0403629   0.999178   -0.0092721 ]\n",
      " [ 0.          0.          0.          1.        ]]\n",
      "BYTES 921600 614400\n",
      "[[ 9.99949e-01  1.00214e-02  1.24073e-03  7.31296e-03]\n",
      " [-1.00644e-02  9.99081e-01  4.16761e-02 -1.14085e-02]\n",
      " [-8.21905e-04 -4.16865e-02  9.99130e-01 -1.00280e-02]\n",
      " [ 0.00000e+00  0.00000e+00  0.00000e+00  1.00000e+00]]\n",
      "BYTES 921600 614400\n",
      "[[ 9.99954e-01  9.58613e-03 -5.59969e-04  7.67992e-03]\n",
      " [-9.55389e-03  9.99061e-01  4.22736e-02 -1.32703e-02]\n",
      " [ 9.64697e-04 -4.22663e-02  9.99106e-01 -1.07782e-02]\n",
      " [ 0.00000e+00  0.00000e+00  0.00000e+00  1.00000e+00]]\n",
      "BYTES 921600 614400\n",
      "[[ 0.999906    0.0126217  -0.00537764  0.00979498]\n",
      " [-0.0123994   0.999141    0.0395394  -0.014496  ]\n",
      " [ 0.0058721  -0.039469    0.999204   -0.0122386 ]\n",
      " [ 0.          0.          0.          1.        ]]\n",
      "BYTES 921600 614400\n",
      "[[ 0.999806    0.0189996  -0.00524676  0.0112968 ]\n",
      " [-0.0187804   0.99906     0.0390694  -0.0142795 ]\n",
      " [ 0.00598412 -0.0389632   0.999223   -0.0139693 ]\n",
      " [ 0.          0.          0.          1.        ]]\n",
      "BYTES 921600 614400\n",
      "[[ 0.999703    0.0238817  -0.00483466  0.0135274 ]\n",
      " [-0.0236715   0.998933    0.0396465  -0.0146938 ]\n",
      " [ 0.00577632 -0.0395203   0.999202   -0.0148765 ]\n",
      " [ 0.          0.          0.          1.        ]]\n",
      "BYTES 921600 614400\n",
      "[[ 0.999678    0.024809   -0.00529899  0.0149568 ]\n",
      " [-0.0245798   0.998911    0.0396509  -0.0144091 ]\n",
      " [ 0.00627691 -0.0395079   0.999199   -0.0152399 ]\n",
      " [ 0.          0.          0.          1.        ]]\n",
      "BYTES 921600 614400\n",
      "[[ 0.999658    0.0253666  -0.00639618  0.0168174 ]\n",
      " [-0.0250914   0.998887    0.0399508  -0.0146362 ]\n",
      " [ 0.00740244 -0.0397767   0.999181   -0.0156795 ]\n",
      " [ 0.          0.          0.          1.        ]]\n",
      "BYTES 921600 614400\n",
      "[[ 0.999627    0.026142   -0.0078375   0.0221753 ]\n",
      " [-0.0258191   0.998913    0.0388079  -0.0141208 ]\n",
      " [ 0.00884349 -0.0385911   0.999216   -0.0163836 ]\n",
      " [ 0.          0.          0.          1.        ]]\n",
      "BYTES 921600 614400\n",
      "[[ 0.999642    0.0257371  -0.00733587  0.0244951 ]\n",
      " [-0.0254341   0.998924    0.0387686  -0.0134687 ]\n",
      " [ 0.00832576 -0.0385681   0.999221   -0.0168389 ]\n",
      " [ 0.          0.          0.          1.        ]]\n",
      "BYTES 921600 614400\n",
      "[[ 0.999662    0.0247618  -0.00786811  0.0297735 ]\n",
      " [-0.0244366   0.998939    0.0390359  -0.0126878 ]\n",
      " [ 0.00882634 -0.0388305   0.999207   -0.0176627 ]\n",
      " [ 0.          0.          0.          1.        ]]\n",
      "BYTES 921600 614400\n",
      "[[ 0.999683    0.0241006  -0.0073327   0.0355131 ]\n",
      " [-0.0237944   0.998944    0.0393063  -0.0125771 ]\n",
      " [ 0.00827224 -0.0391194   0.9992     -0.0189723 ]\n",
      " [ 0.          0.          0.          1.        ]]\n",
      "BYTES 921600 614400\n",
      "[[ 0.999703    0.0234268  -0.00669857  0.0380555 ]\n",
      " [-0.0231479   0.998969    0.0390541  -0.0125754 ]\n",
      " [ 0.00760656 -0.0388874   0.999215   -0.0198016 ]\n",
      " [ 0.          0.          0.          1.        ]]\n",
      "BYTES 921600 614400\n",
      "[[ 0.999724    0.0224777  -0.00687229  0.0435057 ]\n",
      " [-0.0222142   0.999095    0.0362694  -0.0139201 ]\n",
      " [ 0.00768134 -0.0361068   0.999318   -0.021958  ]\n",
      " [ 0.          0.          0.          1.        ]]\n",
      "BYTES 921600 614400\n",
      "[[ 0.999717    0.023223   -0.00512111  0.045815  ]\n",
      " [-0.0230356   0.999155    0.0340303  -0.0145811 ]\n",
      " [ 0.00590707 -0.0339027   0.999408   -0.0235392 ]\n",
      " [ 0.          0.          0.          1.        ]]\n",
      "BYTES 921600 614400\n",
      "[[ 0.999586    0.0282859  -0.00521673  0.0503091 ]\n",
      " [-0.0281113   0.999125    0.0309595  -0.0172553 ]\n",
      " [ 0.00608787 -0.0308      0.999507   -0.0255095 ]\n",
      " [ 0.          0.          0.          1.        ]]\n",
      "BYTES 921600 614400\n",
      "[[ 0.999512    0.0306985  -0.00571335  0.0524428 ]\n",
      " [-0.0305188   0.999106    0.0292414  -0.0189244 ]\n",
      " [ 0.00660597 -0.0290528   0.999556   -0.0266327 ]\n",
      " [ 0.          0.          0.          1.        ]]\n",
      "BYTES 921600 614400\n",
      "[[ 0.999295    0.0364314  -0.00906743  0.05728   ]\n",
      " [-0.0362252   0.999103    0.0219474  -0.0209489 ]\n",
      " [ 0.00985888 -0.0216035   0.999718   -0.0283683 ]\n",
      " [ 0.          0.          0.          1.        ]]\n",
      "BYTES 921600 614400\n",
      "[[ 0.999156   0.0396742 -0.0106558  0.0600705]\n",
      " [-0.039465   0.999037   0.0191746 -0.0214463]\n",
      " [ 0.0114062 -0.0187378  0.999759  -0.028999 ]\n",
      " [ 0.         0.         0.         1.       ]]\n",
      "BYTES 921600 614400\n",
      "[[ 0.998809   0.0471186 -0.0126303  0.0648145]\n",
      " [-0.0469545  0.998812   0.0129882 -0.0225517]\n",
      " [ 0.0132273 -0.0123797  0.999836  -0.0299072]\n",
      " [ 0.         0.         0.         1.       ]]\n",
      "BYTES 921600 614400\n",
      "[[ 0.998644   0.0502    -0.013779   0.0659094]\n",
      " [-0.0500408  0.998679   0.0116652 -0.022721 ]\n",
      " [ 0.0143465 -0.0109599  0.999837  -0.0297993]\n",
      " [ 0.         0.         0.         1.       ]]\n",
      "BYTES 921600 614400\n",
      "[[ 0.998028    0.0585144  -0.0227256   0.0689475 ]\n",
      " [-0.0583444   0.998264    0.0080723  -0.0241588 ]\n",
      " [ 0.0231585  -0.00673047  0.999709   -0.0293295 ]\n",
      " [ 0.          0.          0.          1.        ]]\n",
      "BYTES 921600 614400\n",
      "[[ 0.997653    0.0626189  -0.0277005   0.0701997 ]\n",
      " [-0.0624446   0.998023    0.00711389 -0.0248373 ]\n",
      " [ 0.0280911  -0.0053674   0.999591   -0.0294394 ]\n",
      " [ 0.          0.          0.          1.        ]]\n",
      "BYTES 921600 614400\n",
      "[[ 0.996527    0.0735681  -0.0390032   0.0744519 ]\n",
      " [-0.0735623   0.997289    0.00158415 -0.0271928 ]\n",
      " [ 0.0390141   0.00129052  0.999238   -0.0279864 ]\n",
      " [ 0.          0.          0.          1.        ]]\n",
      "BYTES 921600 614400\n",
      "[[ 0.995784    0.0816942  -0.0417074   0.0755173 ]\n",
      " [-0.0819559   0.996625   -0.00460226 -0.0204402 ]\n",
      " [ 0.0411906   0.00800103  0.999119   -0.0269864 ]\n",
      " [ 0.          0.          0.          1.        ]]\n",
      "BYTES 921600 614400\n",
      "[[ 0.994655   0.08911   -0.052161   0.0775648]\n",
      " [-0.0895469  0.995964  -0.0060963 -0.0227866]\n",
      " [ 0.0514072  0.0107345  0.99862   -0.0237452]\n",
      " [ 0.         0.         0.         1.       ]]\n",
      "BYTES 921600 614400\n",
      "[[ 0.993425    0.0952919  -0.0634503   0.0831239 ]\n",
      " [-0.0959977   0.995348   -0.00816178 -0.0262615 ]\n",
      " [ 0.0623774   0.0141992   0.997952   -0.0190594 ]\n",
      " [ 0.          0.          0.          1.        ]]\n",
      "BYTES 921600 614400\n",
      "[[ 0.993195    0.0971348  -0.0642492   0.0876085 ]\n",
      " [-0.0978466   0.995169   -0.00801803 -0.0298277 ]\n",
      " [ 0.06316     0.0142501   0.997902   -0.0132691 ]\n",
      " [ 0.          0.          0.          1.        ]]\n",
      "BYTES 921600 614400\n",
      "[[ 0.993359    0.0955988  -0.0640167   0.0887115 ]\n",
      " [-0.0962079   0.99534    -0.00649302 -0.0347183 ]\n",
      " [ 0.0630977   0.0126088   0.997928   -0.0105389 ]\n",
      " [ 0.          0.          0.          1.        ]]\n",
      "BYTES 921600 614400\n",
      "[[ 0.993491    0.0941431  -0.0641367   0.091088  ]\n",
      " [-0.0948272   0.995464   -0.0077009  -0.0397136 ]\n",
      " [ 0.0631208   0.0137327   0.997911   -0.00718732]\n",
      " [ 0.          0.          0.          1.        ]]\n",
      "BYTES 921600 614400\n",
      "[[ 0.994296    0.0907326  -0.0560564   0.0971529 ]\n",
      " [-0.0918502   0.995616   -0.0176868  -0.0545989 ]\n",
      " [ 0.0542058   0.0227347   0.998271    0.00539014]\n",
      " [ 0.          0.          0.          1.        ]]\n",
      "BYTES 921600 614400\n",
      "[[ 0.994761   0.0893506 -0.0496727  0.0976745]\n",
      " [-0.0904989  0.995667  -0.0213666 -0.0575444]\n",
      " [ 0.0475484  0.02575    0.998537   0.0102236]\n",
      " [ 0.         0.         0.         1.       ]]\n",
      "BYTES 921600 614400\n",
      "[[ 0.995305   0.0874245 -0.0415249  0.0950002]\n",
      " [-0.0883675  0.995857  -0.0214414 -0.0692355]\n",
      " [ 0.0394784  0.0250102  0.998908   0.0198907]\n",
      " [ 0.         0.         0.         1.       ]]\n",
      "BYTES 921600 614400\n",
      "[[ 0.995422   0.0864903 -0.0406708  0.0925757]\n",
      " [-0.0875115  0.995874  -0.0240351 -0.0827253]\n",
      " [ 0.0384242  0.0274842  0.998884   0.0292425]\n",
      " [ 0.         0.         0.         1.       ]]\n",
      "BYTES 921600 614400\n",
      "[[ 0.99483    0.0908956 -0.0452864  0.0956987]\n",
      " [-0.0922449  0.995324  -0.0286502 -0.0844648]\n",
      " [ 0.0424705  0.0326795  0.998563   0.0343058]\n",
      " [ 0.         0.         0.         1.       ]]\n",
      "BYTES 921600 614400\n",
      "[[ 0.994204   0.0939339 -0.052302   0.0989456]\n",
      " [-0.0956228  0.994942  -0.0307794 -0.0964967]\n",
      " [ 0.0491462  0.0356023  0.998157   0.0443986]\n",
      " [ 0.         0.         0.         1.       ]]\n",
      "BYTES 921600 614400\n",
      "[[ 0.994156   0.0951441 -0.0509964  0.0995693]\n",
      " [-0.0967748  0.994838  -0.0305176 -0.105468 ]\n",
      " [ 0.0478296  0.0352744  0.998233   0.0484789]\n",
      " [ 0.         0.         0.         1.       ]]\n",
      "BYTES 921600 614400\n",
      "[[ 0.994708   0.0967094 -0.034688   0.0858621]\n",
      " [-0.0981006  0.994334  -0.0409352 -0.123179 ]\n",
      " [ 0.0305327  0.0441215  0.99856    0.0554811]\n",
      " [ 0.         0.         0.         1.       ]]\n",
      "BYTES 921600 614400\n",
      "[[ 0.995017   0.0943197 -0.0323256  0.0850932]\n",
      " [-0.0958634  0.994133  -0.0500941 -0.130453 ]\n",
      " [ 0.0274111  0.0529433  0.998221   0.0585005]\n",
      " [ 0.         0.         0.         1.       ]]\n",
      "BYTES 921600 614400\n",
      "[[ 0.995402   0.0898085 -0.0333071  0.0840932]\n",
      " [-0.0917883  0.993743  -0.0636389 -0.14169  ]\n",
      " [ 0.0273834  0.0664035  0.997417   0.0649913]\n",
      " [ 0.         0.         0.         1.       ]]\n",
      "BYTES 921600 614400\n",
      "[[ 0.995192   0.0914503 -0.0350773  0.085447 ]\n",
      " [-0.0936929  0.993224  -0.0687556 -0.147679 ]\n",
      " [ 0.0285519  0.0717115  0.997017   0.0681523]\n",
      " [ 0.         0.         0.         1.       ]]\n",
      "BYTES 921600 614400\n",
      "[[ 0.995256   0.0912777 -0.0336722  0.0861182]\n",
      " [-0.0936541  0.992585  -0.0774789 -0.160009 ]\n",
      " [ 0.0263504  0.0802648  0.996425   0.0730628]\n",
      " [ 0.         0.         0.         1.       ]]\n",
      "BYTES 921600 614400\n",
      "[[ 0.99513    0.0916517 -0.0362724  0.0871751]\n",
      " [-0.0944332  0.991952  -0.0843395 -0.164951 ]\n",
      " [ 0.0282507  0.0873541  0.995777   0.0748238]\n",
      " [ 0.         0.         0.         1.       ]]\n",
      "BYTES 921600 614400\n",
      "[[ 0.99444    0.0958245 -0.0436623  0.0900874]\n",
      " [-0.0995011  0.990801  -0.0917255 -0.172355 ]\n",
      " [ 0.0344711  0.0955599  0.994827   0.0783117]\n",
      " [ 0.         0.         0.         1.       ]]\n",
      "BYTES 921600 614400\n",
      "[[ 0.993671   0.0989638 -0.0531391  0.099566 ]\n",
      " [-0.104079   0.989099  -0.104162  -0.159019 ]\n",
      " [ 0.0422516  0.109034   0.99314    0.0847057]\n",
      " [ 0.         0.         0.         1.       ]]\n",
      "BYTES 921600 614400\n",
      "[[ 0.992125   0.109105  -0.0615147  0.105046 ]\n",
      " [-0.115256   0.987514  -0.107387  -0.165372 ]\n",
      " [ 0.0490303  0.113631   0.992312   0.0872705]\n",
      " [ 0.         0.         0.         1.       ]]\n",
      "BYTES 921600 614400\n",
      "[[ 0.991352   0.113903  -0.0651709  0.107887 ]\n",
      " [-0.120522   0.986735  -0.108754  -0.167709 ]\n",
      " [ 0.051919   0.115668   0.99193    0.088515 ]\n",
      " [ 0.         0.         0.         1.       ]]\n",
      "BYTES 921600 614400\n",
      "[[ 0.989447   0.121424  -0.079066   0.117396 ]\n",
      " [-0.129895   0.985105  -0.112673  -0.175079 ]\n",
      " [ 0.064207   0.121755   0.990481   0.0904521]\n",
      " [ 0.         0.         0.         1.       ]]\n",
      "BYTES 921600 614400\n",
      "[[ 0.986754   0.132559  -0.0935089  0.127758 ]\n",
      " [-0.143175   0.982659  -0.117825  -0.178752 ]\n",
      " [ 0.0762685  0.129653   0.988622   0.0923759]\n",
      " [ 0.         0.         0.         1.       ]]\n",
      "BYTES 921600 614400\n",
      "[[ 0.983577   0.143969  -0.108857   0.141154 ]\n",
      " [-0.157092   0.979828  -0.123529  -0.186974 ]\n",
      " [ 0.0888767  0.138601   0.986352   0.0937093]\n",
      " [ 0.         0.         0.         1.       ]]\n",
      "BYTES 921600 614400\n",
      "[[ 0.980719   0.152126  -0.122672   0.151943 ]\n",
      " [-0.167523   0.977671  -0.126867  -0.191703 ]\n",
      " [ 0.100633   0.144971   0.984305   0.0935815]\n",
      " [ 0.         0.         0.         1.       ]]\n",
      "BYTES 921600 614400\n",
      "[[ 0.976597   0.168235  -0.133996   0.165483 ]\n",
      " [-0.186144   0.973239  -0.134743  -0.196945 ]\n",
      " [ 0.107742   0.156532   0.981779   0.0931175]\n",
      " [ 0.         0.         0.         1.       ]]\n",
      "BYTES 921600 614400\n",
      "[[ 0.975609   0.172428  -0.135853   0.169734 ]\n",
      " [-0.190875   0.972     -0.137048  -0.200662 ]\n",
      " [ 0.108418   0.159637   0.981204   0.0926515]\n",
      " [ 0.         0.         0.         1.       ]]\n",
      "BYTES 921600 614400\n",
      "[[ 0.972162  0.178673 -0.15158   0.179744]\n",
      " [-0.200825  0.968655 -0.146204 -0.207003]\n",
      " [ 0.120706  0.172575  0.977572  0.090845]\n",
      " [ 0.        0.        0.        1.      ]]\n",
      "BYTES 921600 614400\n",
      "[[ 0.969605  0.184147 -0.161106  0.185852]\n",
      " [-0.208911  0.965836 -0.153349 -0.20391 ]\n",
      " [ 0.127364  0.182345  0.974951  0.091309]\n",
      " [ 0.        0.        0.        1.      ]]\n",
      "BYTES 921600 614400\n",
      "[[ 0.965385   0.197283  -0.170622   0.194078 ]\n",
      " [-0.224552   0.961426  -0.158863  -0.21033  ]\n",
      " [ 0.1327     0.191677   0.972446   0.0904513]\n",
      " [ 0.         0.         0.         1.       ]]\n",
      "BYTES 921600 614400\n",
      "[[ 0.964394   0.200882  -0.172019   0.198028 ]\n",
      " [-0.228985   0.959674  -0.163071  -0.215526 ]\n",
      " [ 0.132324   0.196654   0.971502   0.0899719]\n",
      " [ 0.         0.         0.         1.       ]]\n",
      "BYTES 921600 614400\n",
      "[[ 0.96404    0.20094   -0.173928   0.203689 ]\n",
      " [-0.231413   0.956505  -0.177609  -0.219566 ]\n",
      " [ 0.130674   0.211471   0.968609   0.0892208]\n",
      " [ 0.         0.         0.         1.       ]]\n",
      "BYTES 921600 614400\n",
      "[[ 0.964148  0.197898 -0.176789  0.209852]\n",
      " [-0.229872  0.9557   -0.183837 -0.225617]\n",
      " [ 0.132576  0.217885  0.966928  0.089995]\n",
      " [ 0.        0.        0.        1.      ]]\n",
      "BYTES 921600 614400\n",
      "[[ 0.964264   0.197688  -0.176389   0.213168 ]\n",
      " [-0.229992   0.955078  -0.186891  -0.230685 ]\n",
      " [ 0.131519   0.220781   0.966415   0.0907337]\n",
      " [ 0.         0.         0.         1.       ]]\n",
      "BYTES 921600 614400\n",
      "[[ 0.965709   0.198876  -0.166898   0.216201 ]\n",
      " [-0.23015    0.953254  -0.195801  -0.236703 ]\n",
      " [ 0.120156   0.227498   0.966337   0.0929237]\n",
      " [ 0.         0.         0.         1.       ]]\n",
      "BYTES 921600 614400\n",
      "[[ 0.966853   0.198207  -0.160964   0.216265 ]\n",
      " [-0.228524   0.952931  -0.199247  -0.238698 ]\n",
      " [ 0.113896   0.229427   0.966639   0.0941895]\n",
      " [ 0.         0.         0.         1.       ]]\n",
      "BYTES 921600 614400\n",
      "[[ 0.968649   0.191659  -0.158069   0.216567 ]\n",
      " [-0.22157    0.954258  -0.200745  -0.246781 ]\n",
      " [ 0.112364   0.229475   0.966807   0.0974419]\n",
      " [ 0.         0.         0.         1.       ]]\n",
      "BYTES 921600 614400\n",
      "[[ 0.968696  0.190373 -0.159328  0.216208]\n",
      " [-0.220847  0.953977 -0.202866 -0.251079]\n",
      " [ 0.113375  0.231703  0.966157  0.09905 ]\n",
      " [ 0.        0.        0.        1.      ]]\n",
      "BYTES 921600 614400\n",
      "[[ 0.968014  0.193063 -0.160235  0.22105 ]\n",
      " [-0.224991  0.950601 -0.213863 -0.251684]\n",
      " [ 0.11103   0.243074  0.963632  0.105771]\n",
      " [ 0.        0.        0.        1.      ]]\n",
      "BYTES 921600 614400\n",
      "[[ 0.969194  0.192528 -0.153608  0.218904]\n",
      " [-0.223156  0.950355 -0.216858 -0.253796]\n",
      " [ 0.104231  0.244456  0.964042  0.108066]\n",
      " [ 0.        0.        0.        1.      ]]\n",
      "BYTES 921600 614400\n",
      "[[ 0.970744  0.185718 -0.152204  0.212656]\n",
      " [-0.216485  0.951141 -0.220149 -0.261616]\n",
      " [ 0.103882  0.246658  0.963519  0.112234]\n",
      " [ 0.        0.        0.        1.      ]]\n",
      "BYTES 921600 614400\n",
      "[[ 0.970138  0.186941 -0.154551  0.209083]\n",
      " [-0.218644  0.949857 -0.223534 -0.267738]\n",
      " [ 0.105014  0.25065   0.962365  0.117629]\n",
      " [ 0.        0.        0.        1.      ]]\n",
      "BYTES 921600 614400\n",
      "[[ 0.97091   0.186253 -0.150478  0.205883]\n",
      " [-0.216954  0.9502   -0.223722 -0.271975]\n",
      " [ 0.101315  0.249861  0.962967  0.120043]\n",
      " [ 0.        0.        0.        1.      ]]\n",
      "BYTES 921600 614400\n",
      "[[ 0.971968  0.181723 -0.149178  0.198543]\n",
      " [-0.212762  0.949847 -0.22918  -0.281155]\n",
      " [ 0.100049  0.254496  0.961885  0.12408 ]\n",
      " [ 0.        0.        0.        1.      ]]\n",
      "BYTES 921600 614400\n",
      "[[ 0.972121  0.178002 -0.152633  0.191885]\n",
      " [-0.210833  0.948421 -0.236744 -0.286093]\n",
      " [ 0.102619  0.262324  0.959508  0.128114]\n",
      " [ 0.        0.        0.        1.      ]]\n",
      "BYTES 921600 614400\n",
      "[[ 0.972169  0.177902 -0.152445  0.188505]\n",
      " [-0.210822  0.948104 -0.23802  -0.289702]\n",
      " [ 0.102189  0.263534  0.959222  0.130154]\n",
      " [ 0.        0.        0.        1.      ]]\n",
      "BYTES 921600 614400\n",
      "[[ 0.972446  0.177149 -0.151549  0.184415]\n",
      " [-0.210025  0.947859 -0.239693 -0.292316]\n",
      " [ 0.101186  0.264918  0.958947  0.132298]\n",
      " [ 0.        0.        0.        1.      ]]\n",
      "BYTES 921600 614400\n",
      "[[ 0.972403  0.174854 -0.154463  0.177132]\n",
      " [-0.209156  0.946678 -0.24506  -0.300626]\n",
      " [ 0.103377  0.270604  0.957124  0.135273]\n",
      " [ 0.        0.        0.        1.      ]]\n",
      "BYTES 921600 614400\n",
      "[[ 0.972121  0.177775 -0.152897  0.168431]\n",
      " [-0.212255  0.944266 -0.251612 -0.304189]\n",
      " [ 0.099645  0.27705   0.955675  0.1387  ]\n",
      " [ 0.        0.        0.        1.      ]]\n",
      "BYTES 921600 614400\n",
      "[[ 0.972064  0.177058 -0.154086  0.164608]\n",
      " [-0.212071  0.943858 -0.253295 -0.307658]\n",
      " [ 0.100588  0.278897  0.955039  0.139988]\n",
      " [ 0.        0.        0.        1.      ]]\n",
      "BYTES 921600 614400\n",
      "[[ 0.971062  0.177822 -0.159429  0.158341]\n",
      " [-0.214879  0.941874 -0.258266 -0.312872]\n",
      " [ 0.104236  0.28505   0.952828  0.142299]\n",
      " [ 0.        0.        0.        1.      ]]\n",
      "BYTES 921600 614400\n",
      "[[ 0.970946  0.176903 -0.161152  0.15162 ]\n",
      " [-0.214888  0.940876 -0.261869 -0.316614]\n",
      " [ 0.105299  0.288891  0.951554  0.145028]\n",
      " [ 0.        0.        0.        1.      ]]\n",
      "BYTES 921600 614400\n",
      "[[ 0.970835  0.176022 -0.162777  0.147825]\n",
      " [-0.214712  0.940422 -0.26364  -0.318531]\n",
      " [ 0.106672  0.290901  0.950788  0.145941]\n",
      " [ 0.        0.        0.        1.      ]]\n",
      "BYTES 921600 614400\n",
      "[[ 0.969901  0.175447 -0.168849  0.141829]\n",
      " [-0.216375  0.939045 -0.267164 -0.321632]\n",
      " [ 0.111684  0.295657  0.948743  0.148204]\n",
      " [ 0.        0.        0.        1.      ]]\n",
      "BYTES 921600 614400\n",
      "[[ 0.969292  0.176622 -0.171107  0.138801]\n",
      " [-0.218352  0.938212 -0.268479 -0.323276]\n",
      " [ 0.113115  0.297596  0.947967  0.149121]\n",
      " [ 0.        0.        0.        1.      ]]\n",
      "BYTES 921600 614400\n",
      "[[ 0.968261  0.177989 -0.175471  0.132147]\n",
      " [-0.221402  0.936566 -0.271708 -0.32634 ]\n",
      " [ 0.115979  0.301934  0.946248  0.150529]\n",
      " [ 0.        0.        0.        1.      ]]\n",
      "BYTES 921600 614400\n",
      "[[ 0.967304  0.179214 -0.179458  0.129054]\n",
      " [-0.223976  0.935596 -0.272937 -0.328439]\n",
      " [ 0.118986  0.304208  0.945145  0.150927]\n",
      " [ 0.        0.        0.        1.      ]]\n",
      "BYTES 921600 614400\n",
      "[[ 0.965108  0.183521 -0.18678   0.122903]\n",
      " [-0.230907  0.932847 -0.276548 -0.33062 ]\n",
      " [ 0.123484  0.310028  0.942674  0.152256]\n",
      " [ 0.        0.        0.        1.      ]]\n",
      "BYTES 921600 614400\n",
      "[[ 0.964278  0.189331 -0.185263  0.115369]\n",
      " [-0.235765  0.932267 -0.274397 -0.337384]\n",
      " [ 0.120763  0.308273  0.943601  0.150419]\n",
      " [ 0.        0.        0.        1.      ]]\n",
      "BYTES 921600 614400\n",
      "[[ 0.963355  0.194101 -0.185129  0.099073]\n",
      " [-0.241107  0.92906  -0.280561 -0.337968]\n",
      " [ 0.117539  0.314915  0.941813  0.149607]\n",
      " [ 0.        0.        0.        1.      ]]\n",
      "BYTES 921600 614400\n",
      "[[ 0.962541   0.195709  -0.187653   0.0969442]\n",
      " [-0.243726   0.92777   -0.28256   -0.339701 ]\n",
      " [ 0.118799   0.317712   0.940716   0.149831 ]\n",
      " [ 0.         0.         0.         1.       ]]\n",
      "BYTES 921600 614400\n",
      "[[ 0.962084   0.196745  -0.188906   0.0933193]\n",
      " [-0.245406   0.92667   -0.284708  -0.340959 ]\n",
      " [ 0.119039   0.320271   0.939817   0.150045 ]\n",
      " [ 0.         0.         0.         1.       ]]\n",
      "BYTES 921600 614400\n",
      "[[ 0.959888   0.20148   -0.194989   0.0884692]\n",
      " [-0.252289   0.924071  -0.287128  -0.344484 ]\n",
      " [ 0.122333   0.324804   0.937836   0.150252 ]\n",
      " [ 0.         0.         0.         1.       ]]\n",
      "BYTES 921600 614400\n",
      "[[ 0.957495   0.206098  -0.20181    0.0838275]\n",
      " [-0.259241   0.921637  -0.288756  -0.347937 ]\n",
      " [ 0.126484   0.3288     0.935891   0.151348 ]\n",
      " [ 0.         0.         0.         1.       ]]\n",
      "BYTES 921600 614400\n",
      "[[ 0.954903   0.21223   -0.207651   0.0798704]\n",
      " [-0.26726    0.919043  -0.28971   -0.350645 ]\n",
      " [ 0.129355   0.332141   0.934318   0.152549 ]\n",
      " [ 0.         0.         0.         1.       ]]\n",
      "BYTES 921600 614400\n",
      "[[ 0.951959   0.219489  -0.213538   0.0754973]\n",
      " [-0.276383   0.916088  -0.290507  -0.354329 ]\n",
      " [ 0.131857   0.335569   0.932742   0.154393 ]\n",
      " [ 0.         0.         0.         1.       ]]\n",
      "BYTES 921600 614400\n",
      "[[ 0.950564   0.222092  -0.217031   0.0740602]\n",
      " [-0.280186   0.914745  -0.291096  -0.355933 ]\n",
      " [ 0.133877   0.337515   0.931751   0.155365 ]\n",
      " [ 0.         0.         0.         1.       ]]\n",
      "BYTES 921600 614400\n",
      "[[ 0.947778   0.226365  -0.224668   0.0699339]\n",
      " [-0.287026   0.912515  -0.291431  -0.360808 ]\n",
      " [ 0.139043   0.340697   0.929835   0.156997 ]\n",
